7
0,17,17,16,25,24,10
17,0,12,14,22,11,14
17,12,0,13,18,19,26
16,14,13,0,27,23,10
25,22,18,27,0,21,15
24,11,19,23,21,0,19
10,14,26,10,15,19,0